module_name	AUC_set_name	overlap	AUC_set_size	universe	module_size	p	p-none	p-Bonn	p-BH	overlap_IDs
module_.979	set_size_100	0	100	34503	84	0.216040108652122	0.216040108652122	1	0.416908515777394	no_overlap
module_.571	set_size_100	0	100	34503	46	0.124723704207721	0.124723704207721	1	0.416908515777394	no_overlap
module_.721	set_size_100	0	100	34503	97	0.245061553092983	0.245061553092983	1	0.416908515777394	no_overlap
module_.619	set_size_100	0	100	34503	79	0.204586268985893	0.204586268985893	1	0.416908515777394	no_overlap
module_.877	set_size_100	0	100	34503	64	0.169221358060651	0.169221358060651	1	0.416908515777394	no_overlap
module_.799	set_size_100	2	100	34503	59	0.000676921943409033	0.000676921943409033	0.0541537554727226	0.0180512518242409	ATP2B4, ATXN1
module_.763	set_size_100	0	100	34503	111	0.275126618748763	0.275126618748763	1	0.416908515777394	no_overlap
module_.559	set_size_100	4	100	34503	35	5.52107399334354e-08	5.52107399334354e-08	4.41685919467483e-06	4.41685919467483e-06	CCL5, NKG7, GZMK, GZMA
module_.997	set_size_100	2	100	34503	55	0.000550869958186514	0.000550869958186514	0.0440695966549211	0.0180512518242409	KLRC3, TGFBR3
module_.637	set_size_100	0	100	34503	53	0.142301974448734	0.142301974448734	1	0.416908515777394	no_overlap
module_.937	set_size_100	1	100	34503	203	0.116929304132551	0.116929304132551	1	0.416908515777394	VIP
module_.781	set_size_100	1	100	34503	127	0.0524035227942942	0.0524035227942942	1	0.416908515777394	EMCN
module_.1015	set_size_100	0	100	34503	172	0.3928759859506	0.3928759859506	1	0.436528873278444	no_overlap
module_.745	set_size_100	2	100	34503	105	0.00354644370183204	0.00354644370183204	0.283715496146563	0.0567430992293126	CA6, POU6F1
module_.697	set_size_100	0	100	34503	88	0.225085487651797	0.225085487651797	1	0.416908515777394	no_overlap
module_.709	set_size_100	0	100	34503	45	0.122183579140125	0.122183579140125	1	0.416908515777394	no_overlap
module_.865	set_size_100	0	100	34503	52	0.139812357237183	0.139812357237183	1	0.416908515777394	no_overlap
module_.631	set_size_100	0	100	34503	80	0.206890213288448	0.206890213288448	1	0.416908515777394	no_overlap
module_.805	set_size_100	0	100	34503	79	0.204586268985893	0.204586268985893	1	0.416908515777394	no_overlap
module_.565	set_size_100	0	100	34503	126	0.306024518456547	0.306024518456547	1	0.427647542728258	no_overlap
module_.1009	set_size_100	0	100	34503	66	0.174025133309852	0.174025133309852	1	0.416908515777394	no_overlap
module_.643	set_size_100	0	100	34503	51	0.137315585953185	0.137315585953185	1	0.416908515777394	no_overlap
module_.751	set_size_100	0	100	34503	21	0.058982777822717	0.058982777822717	1	0.416908515777394	no_overlap
module_.871	set_size_100	0	100	34503	156	0.363961599652082	0.363961599652082	1	0.432528406018239	no_overlap
module_.733	set_size_100	0	100	34503	145	0.343296306204242	0.343296306204242	1	0.432528406018239	no_overlap
module_.823	set_size_100	0	100	34503	168	0.38577176832604	0.38577176832604	1	0.434672415015256	no_overlap
module_.925	set_size_100	1	100	34503	188	0.103003427716285	0.103003427716285	1	0.416908515777394	PIGF
module_.919	set_size_100	0	100	34503	147	0.347102448701899	0.347102448701899	1	0.432528406018239	no_overlap
module_.973	set_size_100	0	100	34503	119	0.291771231282658	0.291771231282658	1	0.424394518229321	no_overlap
module_.679	set_size_100	0	100	34503	66	0.174025133309852	0.174025133309852	1	0.416908515777394	no_overlap
module_.399	set_size_100	0	100	34503	31	0.0858460436103512	0.0858460436103512	1	0.416908515777394	no_overlap
module_.655	set_size_100	0	100	34503	89	0.227330640519676	0.227330640519676	1	0.416908515777394	no_overlap
module_.787	set_size_100	0	100	34503	49	0.132300499712817	0.132300499712817	1	0.416908515777394	no_overlap
module_.577	set_size_100	0	100	34503	128	0.310044468477987	0.310044468477987	1	0.427647542728258	no_overlap
module_.775	set_size_100	2	100	34503	87	0.00208180145779198	0.00208180145779198	0.166544116623358	0.0416360291558396	ECT2, ARHGAP6
module_.889	set_size_100	0	100	34503	84	0.216040108652122	0.216040108652122	1	0.416908515777394	no_overlap
module_.727	set_size_100	1	100	34503	89	0.0275120352785053	0.0275120352785053	1	0.314423260325775	CDC27
module_.895	set_size_100	0	100	34503	90	0.22956935338831	0.22956935338831	1	0.416908515777394	no_overlap
module_.625	set_size_100	0	100	34503	158	0.367649145115503	0.367649145115503	1	0.432528406018239	no_overlap
module_.601	set_size_100	0	100	34503	88	0.225085487651797	0.225085487651797	1	0.416908515777394	no_overlap
module_.967	set_size_100	0	100	34503	239	0.50046854274222	0.50046854274222	1	0.506803587587058	no_overlap
module_.883	set_size_100	0	100	34503	100	0.251606279804915	0.251606279804915	1	0.416908515777394	no_overlap
module_.583	set_size_100	0	100	34503	108	0.268785544882241	0.268785544882241	1	0.416908515777394	no_overlap
module_.847	set_size_100	0	100	34503	88	0.225085487651797	0.225085487651797	1	0.416908515777394	no_overlap
module_.793	set_size_100	0	100	34503	156	0.363961599652082	0.363961599652082	1	0.432528406018239	no_overlap
module_.661	set_size_100	1	100	34503	114	0.043207695050208	0.043207695050208	1	0.384068400446293	ZNF410
module_.739	set_size_100	0	100	34503	143	0.339468198518083	0.339468198518083	1	0.432528406018239	no_overlap
module_.907	set_size_100	0	100	34503	167	0.383982893000801	0.383982893000801	1	0.434672415015256	no_overlap
module_.853	set_size_100	1	100	34503	113	0.0425279972502113	0.0425279972502113	1	0.384068400446293	PPM2C
module_.961	set_size_100	0	100	34503	66	0.174025133309852	0.174025133309852	1	0.416908515777394	no_overlap
module_.649	set_size_100	0	100	34503	81	0.209187550677179	0.209187550677179	1	0.416908515777394	no_overlap
module_.1027	set_size_100	0	100	34503	59	0.157090574586425	0.157090574586425	1	0.416908515777394	no_overlap
module_.589	set_size_100	0	100	34503	69	0.181179281512329	0.181179281512329	1	0.416908515777394	no_overlap
module_.931	set_size_100	0	100	34503	137	0.327850826047324	0.327850826047324	1	0.432528406018239	no_overlap
module_.595	set_size_100	0	100	34503	184	0.413704183464196	0.413704183464196	1	0.447247765907239	no_overlap
module_.1003	set_size_100	0	100	34503	146	0.345202115287171	0.345202115287171	1	0.432528406018239	no_overlap
module_.703	set_size_100	0	100	34503	259	0.528759235055513	0.528759235055513	1	0.528759235055513	no_overlap
module_.757	set_size_100	0	100	34503	199	0.438747123212691	0.438747123212691	1	0.46183907706599	no_overlap
module_.829	set_size_100	1	100	34503	46	0.00787795109829844	0.00787795109829844	0.630236087863875	0.105039347977313	SH2D1A
module_.955	set_size_100	0	100	34503	108	0.268785544882241	0.268785544882241	1	0.416908515777394	no_overlap
module_.667	set_size_100	0	100	34503	48	0.129782143885543	0.129782143885543	1	0.416908515777394	no_overlap
module_.859	set_size_100	0	100	34503	108	0.268785544882241	0.268785544882241	1	0.416908515777394	no_overlap
module_.817	set_size_100	0	100	34503	132	0.31801533561995	0.31801533561995	1	0.431207234738915	no_overlap
module_.991	set_size_100	0	100	34503	165	0.380389654642958	0.380389654642958	1	0.434672415015256	no_overlap
module_.943	set_size_100	0	100	34503	192	0.427195030584627	0.427195030584627	1	0.455674699290269	no_overlap
module_.613	set_size_100	0	100	34503	108	0.268785544882241	0.268785544882241	1	0.416908515777394	no_overlap
module_.769	set_size_100	0	100	34503	107	0.266659674271944	0.266659674271944	1	0.416908515777394	no_overlap
module_.715	set_size_100	0	100	34503	128	0.310044468477987	0.310044468477987	1	0.427647542728258	no_overlap
module_.949	set_size_100	0	100	34503	54	0.144784457880141	0.144784457880141	1	0.416908515777394	no_overlap
module_.673	set_size_100	0	100	34503	67	0.176416698491223	0.176416698491223	1	0.416908515777394	no_overlap
module_.913	set_size_100	0	100	34503	113	0.279323725754132	0.279323725754132	1	0.416908515777394	no_overlap
module_.691	set_size_100	0	100	34503	182	0.41028261347082	0.41028261347082	1	0.447247765907239	no_overlap
module_.811	set_size_100	0	100	34503	155	0.36210985165992	0.36210985165992	1	0.432528406018239	no_overlap
module_.841	set_size_100	0	100	34503	114	0.281413248149741	0.281413248149741	1	0.416908515777394	no_overlap
module_.901	set_size_100	0	100	34503	207	0.451667298659553	0.451667298659553	1	0.463248511445695	no_overlap
module_.1021	set_size_100	1	100	34503	210	0.123583607710973	0.123583607710973	1	0.416908515777394	EPS15
module_.835	set_size_100	0	100	34503	35	0.0963775097315469	0.0963775097315469	1	0.416908515777394	no_overlap
module_.985	set_size_100	0	100	34503	51	0.137315585953185	0.137315585953185	1	0.416908515777394	no_overlap
module_.607	set_size_100	0	100	34503	96	0.242867411066921	0.242867411066921	1	0.416908515777394	no_overlap
module_.685	set_size_100	0	100	34503	203	0.445244447190539	0.445244447190539	1	0.462591633444716	no_overlap
